snp,beta,se,effect_allele
1,0.056800001,0.005,A
2,0.0693,0.0049,T
3,0.36,0.0051,A
4,0.1896,0.0077,T
5,0.055600001,0.0059,T
6,-0.0779,0.0042,T
7,-0.079000001,0.007,T
8,-0.0732,0.0058,T
9,-0.0264,0.0056,A
10,-0.064900001,0.0068,T
11,-0.05,0.006,T
12,0.035,0.006,A
13,-0.044,0.005,T
14,-0.039,0.006,C
15,-0.047,0.006,T
16,0.047,0.007,A
17,0.035,0.006,T
18,0.044,0.005,T
19,0.057,0.007,A
20,-0.036,0.005,T
21,-0.035,0.005,T
22,0.043000001,0.006,A
23,0.043000001,0.006,A
24,-0.046000001,0.008,T
25,-0.032,0.005,A
26,-0.042,0.005,A
27,0.054,0.0092,A
28,-0.029,0.005,T
29,-0.029,0.005,A
30,0.043000001,0.008,T
31,0.028000001,0.005,A
